[gd_scene format=3 uid="uid://d342m3uq0bdy2"]

[ext_resource type="Script" uid="uid://b5i138mgtv46q" path="res://demo/main_scene.gd" id="1_3kex6"]
[ext_resource type="PackedScene" uid="uid://dmhm6was1aqy4" path="res://demo/cars/kia_rio.tscn" id="1_72jhp"]
[ext_resource type="Script" uid="uid://0uih300hbbra" path="res://demo/rpm_view.gd" id="2_pyw84"]
[ext_resource type="Material" uid="uid://d05elpucmkqy3" path="res://demo/materials/chess_board_material.tres" id="3_emkcm"]

[sub_resource type="WorldBoundaryShape3D" id="WorldBoundaryShape3D_a1o35"]

[sub_resource type="BoxShape3D" id="BoxShape3D_pyw84"]
size = Vector3(150, 1, 300)

[node name="MainScene" type="Node3D" unique_id=1522158654]
script = ExtResource("1_3kex6")

[node name="Hud" type="CanvasLayer" parent="." unique_id=1323852990]

[node name="Grid" type="GridContainer" parent="Hud" unique_id=697012605]
offset_right = 206.0
offset_bottom = 210.0
columns = 2

[node name="RpmLabel" type="Label" parent="Hud/Grid" unique_id=55280839]
layout_mode = 2
text = "RPM"

[node name="Rpm" type="Label" parent="Hud/Grid" unique_id=538232485]
layout_mode = 2
text = "0"

[node name="SpeedLabel" type="Label" parent="Hud/Grid" unique_id=602033028]
layout_mode = 2
text = "Speed"

[node name="Speed" type="Label" parent="Hud/Grid" unique_id=1843136412]
layout_mode = 2
text = "0"

[node name="GearLabel" type="Label" parent="Hud/Grid" unique_id=140968444]
layout_mode = 2
text = "Gear"

[node name="Gear" type="Label" parent="Hud/Grid" unique_id=1146093309]
layout_mode = 2
text = "0"

[node name="ThrottleLabel" type="Label" parent="Hud/Grid" unique_id=221594324]
layout_mode = 2
text = "Throttle"

[node name="Throttle" type="Label" parent="Hud/Grid" unique_id=1879802623]
layout_mode = 2
text = "0"

[node name="ClutchLabel" type="Label" parent="Hud/Grid" unique_id=697356230]
layout_mode = 2
text = "Clutch"

[node name="Clutch" type="Label" parent="Hud/Grid" unique_id=1794508089]
layout_mode = 2
text = "0"

[node name="RpmView" type="Control" parent="Hud" unique_id=1333279161]
layout_mode = 3
anchors_preset = 2
anchor_top = 1.0
anchor_bottom = 1.0
offset_left = 71.0
offset_top = -250.0
offset_right = 271.0
offset_bottom = -50.0
grow_vertical = 0
script = ExtResource("2_pyw84")

[node name="Timer" type="Label" parent="Hud" unique_id=282602855]
anchors_preset = 5
anchor_left = 0.5
anchor_right = 0.5
offset_left = -20.0
offset_right = 20.0
offset_bottom = 23.0
grow_horizontal = 2
text = "0"

[node name="Level" type="Node3D" parent="." unique_id=1350287144]

[node name="Ground" type="StaticBody3D" parent="Level" unique_id=868433706]

[node name="CollisionShape3D" type="CollisionShape3D" parent="Level/Ground" unique_id=2111914354]
shape = SubResource("WorldBoundaryShape3D_a1o35")

[node name="CSGBox3D" type="CSGBox3D" parent="Level/Ground" unique_id=332403163]
transform = Transform3D(1, 0, 0, 0, 1, 0, 0, 0, 1, 0, -0.5, 0)
size = Vector3(2000, 1, 2000)
material = ExtResource("3_emkcm")

[node name="Tramplin" type="StaticBody3D" parent="Level" unique_id=1978287518]
transform = Transform3D(1, 0, 0, 0, 0.9659258, 0.25881904, 0, -0.25881904, 0.9659258, 0, 35, 400)

[node name="CollisionShape3D" type="CollisionShape3D" parent="Level/Tramplin" unique_id=490430042]
shape = SubResource("BoxShape3D_pyw84")

[node name="CSGBox3D" type="CSGBox3D" parent="Level/Tramplin" unique_id=1340194199]
transform = Transform3D(1, 0, 0, 0, 1.0000001, 0, 0, 0, 1.0000001, 0, 0, 0)
size = Vector3(150, 1, 300)
material = ExtResource("3_emkcm")

[node name="Sun" type="DirectionalLight3D" parent="Level" unique_id=819319598]
transform = Transform3D(0.830099, -0.42069122, -0.36599818, 0.5566704, 0.66341394, 0.50000006, 0.03246272, -0.61878985, 0.7848856, 0, 20, 0)
shadow_enabled = true

[node name="KiaRio" parent="." unique_id=797782030 instance=ExtResource("1_72jhp")]
transform = Transform3D(1, 0, 0, 0, 1, 0, 0, 0, 1, 0, 1.363, 0)

[node name="Camera3D" type="Camera3D" parent="KiaRio" unique_id=266891290]
transform = Transform3D(-1, 2.4096984e-08, -8.403617e-08, 0, 0.9612617, 0.27563736, 8.742278e-08, 0.27563736, -0.9612617, 0, 1.372, -5)
